1 0 0.0
1 1 0.06
1 2 0.12
1 3 0.18
1 4 0.24
1 5 0.3
1 6 0.36
1 7 0.42
1 8 0.48
1 9 0.54
1 10 0.6
1 11 0.6599999999999999
1 12 0.72
1 13 0.78
1 14 0.84
1 15 0.8999999999999999
1 16 0.96
1 17 1.02
1 18 1.08
1 19 1.14
1 20 1.2
1 21 1.26
1 22 1.3199999999999998
1 23 1.38
1 24 1.44
1 25 1.5
1 26 1.56
1 27 1.6199999999999999
1 28 1.68
1 29 1.74
1 30 1.7999999999999998
1 31 1.8599999999999999
1 32 1.92
1 33 1.98
1 34 2.04
1 35 2.1
1 36 2.16
1 37 2.2199999999999998
1 38 2.28
1 39 2.34
1 40 2.4
1 41 2.46
1 42 2.52
1 43 2.58
1 44 2.6399999999999997
1 45 2.6999999999999997
1 46 2.76
1 47 2.82
1 48 2.88
1 49 2.94
1 50 3.0
2 0 0.0
2 1 0.06
2 2 0.12
2 3 0.18
2 4 0.24
2 5 0.3
2 6 0.36
2 7 0.42
2 8 0.48
2 9 0.54
2 10 0.6
2 11 0.6599999999999999
2 12 0.72
2 13 0.78
2 14 0.84
2 15 0.8999999999999999
2 16 0.96
2 17 1.02
2 18 1.08
2 19 1.14
2 20 1.2
2 21 1.26
2 22 1.3199999999999998
2 23 1.38
2 24 1.44
2 25 1.5
2 26 1.56
2 27 1.6199999999999999
2 28 1.68
2 29 1.74
2 30 1.7999999999999998
2 31 1.8599999999999999
2 32 1.92
2 33 1.98
2 34 2.04
2 35 2.1
2 36 2.16
2 37 2.2199999999999998
2 38 2.28
2 39 2.34
2 40 2.4
2 41 2.46
2 42 2.52
2 43 2.58
2 44 2.6399999999999997
2 45 2.6999999999999997
2 46 2.76
2 47 2.82
2 48 2.88
2 49 2.94
2 50 3.0
3 0 0.0
3 1 0.06
3 2 0.12
3 3 0.18
3 4 0.24
3 5 0.3
3 6 0.36
3 7 0.42
3 8 0.48
3 9 0.54
3 10 0.6
3 11 0.6599999999999999
3 12 0.72
3 13 0.78
3 14 0.84
3 15 0.8999999999999999
3 16 0.96
3 17 1.02
3 18 1.08
3 19 1.14
3 20 1.2
3 21 1.26
3 22 1.3199999999999998
3 23 1.38
3 24 1.44
3 25 1.5
3 26 1.56
3 27 1.6199999999999999
3 28 1.68
3 29 1.74
3 30 1.7999999999999998
3 31 1.8599999999999999
3 32 1.92
3 33 1.98
3 34 2.04
3 35 2.1
3 36 2.16
3 37 2.2199999999999998
3 38 2.28
3 39 2.34
3 40 2.4
3 41 2.46
3 42 2.52
3 43 2.58
3 44 2.6399999999999997
3 45 2.6999999999999997
3 46 2.76
3 47 2.82
3 48 2.88
3 49 2.94
3 50 3.0
4 0 0.0
4 1 0.06
4 2 0.12
4 3 0.18
4 4 0.24
4 5 0.3
4 6 0.36
4 7 0.42
4 8 0.48
4 9 0.54
4 10 0.6
4 11 0.6599999999999999
4 12 0.72
4 13 0.78
4 14 0.84
4 15 0.8999999999999999
4 16 0.96
4 17 1.02
4 18 1.08
4 19 1.14
4 20 1.2
4 21 1.26
4 22 1.3199999999999998
4 23 1.38
4 24 1.44
4 25 1.5
4 26 1.56
4 27 1.6199999999999999
4 28 1.68
4 29 1.74
4 30 1.7999999999999998
4 31 1.8599999999999999
4 32 1.92
4 33 1.98
4 34 2.04
4 35 2.1
4 36 2.16
4 37 2.2199999999999998
4 38 2.28
4 39 2.34
4 40 2.4
4 41 2.46
4 42 2.52
4 43 2.58
4 44 2.6399999999999997
4 45 2.6999999999999997
4 46 2.76
4 47 2.82
4 48 2.88
4 49 2.94
4 50 3.0
5 0 0.0
5 1 0.06
5 2 0.12
5 3 0.18
5 4 0.24
5 5 0.3
5 6 0.36
5 7 0.42
5 8 0.48
5 9 0.54
5 10 0.6
5 11 0.6599999999999999
5 12 0.72
5 13 0.78
5 14 0.84
5 15 0.8999999999999999
5 16 0.96
5 17 1.02
5 18 1.08
5 19 1.14
5 20 1.2
5 21 1.26
5 22 1.3199999999999998
5 23 1.38
5 24 1.44
5 25 1.5
5 26 1.56
5 27 1.6199999999999999
5 28 1.68
5 29 1.74
5 30 1.7999999999999998
5 31 1.8599999999999999
5 32 1.92
5 33 1.98
5 34 2.04
5 35 2.1
5 36 2.16
5 37 2.2199999999999998
5 38 2.28
5 39 2.34
5 40 2.4
5 41 2.46
5 42 2.52
5 43 2.58
5 44 2.6399999999999997
5 45 2.6999999999999997
5 46 2.76
5 47 2.82
5 48 2.88
5 49 2.94
5 50 3.0
6 0 0.0
6 1 0.06
6 2 0.12
6 3 0.18
6 4 0.24
6 5 0.3
6 6 0.36
6 7 0.42
6 8 0.48
6 9 0.54
6 10 0.6
6 11 0.6599999999999999
6 12 0.72
6 13 0.78
6 14 0.84
6 15 0.8999999999999999
6 16 0.96
6 17 1.02
6 18 1.08
6 19 1.14
6 20 1.2
6 21 1.26
6 22 1.3199999999999998
6 23 1.38
6 24 1.44
6 25 1.5
6 26 1.56
6 27 1.6199999999999999
6 28 1.68
6 29 1.74
6 30 1.7999999999999998
6 31 1.8599999999999999
6 32 1.92
6 33 1.98
6 34 2.04
6 35 2.1
6 36 2.16
6 37 2.2199999999999998
6 38 2.28
6 39 2.34
6 40 2.4
6 41 2.46
6 42 2.52
6 43 2.58
6 44 2.6399999999999997
6 45 2.6999999999999997
6 46 2.76
6 47 2.82
6 48 2.88
6 49 2.94
6 50 3.0
7 0 0.0
7 1 0.06
7 2 0.12
7 3 0.18
7 4 0.24
7 5 0.3
7 6 0.36
7 7 0.42
7 8 0.48
7 9 0.54
7 10 0.6
7 11 0.6599999999999999
7 12 0.72
7 13 0.78
7 14 0.84
7 15 0.8999999999999999
7 16 0.96
7 17 1.02
7 18 1.08
7 19 1.14
7 20 1.2
7 21 1.26
7 22 1.3199999999999998
7 23 1.38
7 24 1.44
7 25 1.5
7 26 1.56
7 27 1.6199999999999999
7 28 1.68
7 29 1.74
7 30 1.7999999999999998
7 31 1.8599999999999999
7 32 1.92
7 33 1.98
7 34 2.04
7 35 2.1
7 36 2.16
7 37 2.2199999999999998
7 38 2.28
7 39 2.34
7 40 2.4
7 41 2.46
7 42 2.52
7 43 2.58
7 44 2.6399999999999997
7 45 2.6999999999999997
7 46 2.76
7 47 2.82
7 48 2.88
7 49 2.94
7 50 3.0
